000000000000000000000000000000000000000000000000000000000000000000000000000000000000000000000000000000000000000000000000000000000000000000000000000000000000000000000000000000
000000000000000000000000000000000000000000000000000000000000000000000000000000000000000000000000000000000000000000000000000000000000000000000000000000000000000000000000000000
000000000000000000000000000000000000000000000000000000000000000000000000000000000000000000000000000000000000000000000000000000000000000000000000000000000000000000000000000000
000000000000000000000000000000000000000000000000000000000000000000000000000000000000000000000000000000000000000000000000000000000000000000000000000000000000000000000000000000
000000000000000000000000000000000000000000000000000000000000000000000000000000000000000000000000000000000000000000000000000000000000000000000000000000000000000000000000000000
000000000000000000000000000000000000000000000000000000000000000000000000000000000000000000000000000000000000000000000000000000000000000000000000000000000000000000000000000000
000000000000000000000000000000000000000000000000000000000000000000000000000000000000000000000000000000000000000000000000000000000000000000000000000000000000000000000000000000
000000000000000000000000000000000000000000000000000000000000000000000000000000000000000000000000000000000000000000000000000000000000000000000000000000000000000000000000000000
000000000000000000000000000000000000000000000000000000000000000000000000000000000000000000000000000000000000000000000000000000000000000000000000000000000000000000000000000000
000000000000000000000000000000000000000000000000000000000000000000000000000000000000000000000000000000000000000000000000000000000000000000000000000000000000000000000000000000
000000000000000000000000000000000000000000000000000000000000000000000000000000000000000000000000000000000000000000000000000000000000000000000000000000000000000000000000000000
000000000000000000000000000000000000000000000000000000000000000000000000000000000000000000000000000000000000000000000000000000000000000000000000000000000000000000000000000000
000000000000000000000000000000000000000000000000000000000000000000000000000000000000000000000000000000000000000000000000000000000000000000000000000000000000000000000000000000
000000000000000000000000000000000000000000000000000000000000000000000000000000000000000000000000000000000000000000000000000000000000000000000000000000000000000000000000000000
000000000000000000000000000000000000000000000000000000000000000000000000000000000000000000000000000000000000000000000000000000000000000000000000000000000000000000000000000000
000000000000000000000000000000000000000000000000000000000000000000000000000000000000000000000000000000000000000000000000000000000000000000000000000000000000000000000000000000
000000000000000000000000000000000000000000000000000000000000000000000000000000000000000000000000000000000000000000000000000000000000000000000000000000000000000000000000000000
000000000000000000000000000000000000000000000000000000000000000000000000000000000000000000000000000000000000000000000000000000000000000000000000000000000000000000000000000000
000000000000000000000000000000000000000000000000000000000000000000000000000000000000000000000000000000000000000000000000000000000000000000000000000000000000000000000000000000
000000000000000000000000000000000000000000000000000000000000000000000000000000000000000000000000000000000000000000000000000000000000000000000000000000000000000000000000000000
000000000000000000000000000000000000000000000000000000000000000000000000000000000000000000000000000000000000000000000000000000000000000000000000000000000000000000000000000000
000000000000000000000000000000000000000000000000000000000000000000000000000000000000000000000000000000000000000000000000000000000000000000000000000000000000000000000000000000
000000000000000000000000000000000000000000000000000000000000000000000000000000000000000000000000000000000000000000000000000000000000000000000000000000000000000000000000000000
000000000000000000000000001100000000000000000000000000000000000000000000000000000000000000000000000000022222222222222222222222222222222222222222222222222222222222000000000000
000000000000000000000000011111111111111111111111111111111111111000000000000000000000000000000000000000002222222222222222222222222222222222222222222222222222222220000000000000
000000000000000000000000111111111111111111111111111111111111111000000000000000000000000000000000000000002222222222222222222222222222222222222222222222222222222220000000000000
000000000000000000000000011111111111111111111111111111111111111000000000000000000000000000000000000000000222222222222222222222222222222222222222222222222222222220000000000000
000000000000000000000000011111111111111111111111111111111111111000000000000000000000000000000000000000000222222222222222222222222222222222222222222222222222222200000000000000
000000000000000000000000011111111111111111111111111111111111111000000000000000000000000000000000000000000022222222222222222222222222222222222222222222222222222000000000000000
000000000000000000000000011111111111111111111111111111111111111000000000000000000000000000000000000000000022222222222222222222222222222222222222222222222222222000000000000000
000000000000000000000000011111111111111111111111111111111111111000000000000000000000000000000000000000000002222222222222222222222222222222222222222222222222220000000000000000
000000000000000000000000011111111111111111111111111111111111111000000000000000000000000000000000000000000002222222222222222222222222222222222222222222222222220000000000000000
000000000000000000000000011111111111111111111111111111111111111000000000000000000000000000000000000000000000222222222222222222222222222222222222222222222222200000000000000000
000000000000000000000000011111111111111111111111111111111111111000000000000000000000000000000000000000000000222222222222222222222222222222222222222222222222200000000000000000
000000000000000000000000011111111111111111111111111111111111111000000000000000000000000000000000000000000000022222222222222222222222222222222222222222222222000000000000000000
000000000000000000000000011111111111111111111111111111111111111000000000000000000000000000000000000000000000002222222222222222222222222222222222222222222220000000000000000000
000000000000000000000000011111111111111111111111111111111111111000000000000000000000000000000000000000000000002222222222222222222222222222222222222222222220000000000000000000
000000000000000000000000011111111111111111111111111111111111111000000000000000000000000000000000000000000000000222222222222222222222222222222222222222222200000000000000000000
000000000000000000000000011111111111111111111111111111111111111000000000000000000000000000000000000000000000000022222222222222222222222222222222222222222200000000000000000000
000000000000000000000000011111111111111111111111111111111111111000000000000000000000000000000000000000000000000022222222222222222222222222222222222222222000000000000000000000
000000000000000000000000011111111111111111111111111111111111111000000000000000000000000000000000000000000000000002222222222222222222222222222222222222222000000000000000000000
000000000000000000000000011111111111111111111111111111111111111000000000000000000000000000000000000000000000000002222222222222222222222222222222222222220000000000000000000000
000000000000000000000000011111111111111111111111111111111111111000000000000000000000000000000000000000000000000000222222222222222222222222222222222222200000000000000000000000
000000000000000000000000011111111111111111111111111111111111111000000000000000000000000000000000000000000000000000222222222222222222222222222222222222200000000000000000000000
000000000000000000000000011111111111111111111111111111111111111000000000000000000000000000000000000000000000000000022222222222222222222222222222222222000000000000000000000000
000000000000000000000000011111111111111111111111111111111111111000000000000000000000000000000000000000000000000000002222222222222222222222222222222222000000000000000000000000
000000000000000000000000011111111111111111111111111111111111111000000000000000000000000000000000000000000000000000002222222222222222222222222222222220000000000000000000000000
000000000000000000000000011111111111111111111111111111111111111000000000000000000000000000000000000000000000000000000222222222222222222222222222222220000000000000000000000000
000000000000000000000000011111111111111111111111111111111111111000000000000000000000000000000000000000000000000000000222222222222222222222222222222200000000000000000000000000
000000000000000000000000011111111111111111111111111111111111111000000000000000000000000000000000000000000000000000000022222222222222222222222222222200000000000000000000000000
000000000000000000000000011111111111111111111111111111111111111000000000000000000000000000000000000000000000000000000002222222222222222222222222222000000000000000000000000000
000000000000000000000000011111111111111111111111111111111111111000000000000000000000000000000000000000000000000000000002222222222222222222222222222000000000000000000000000000
000000000000000000000000011111111111111111111111111111111111111000000000000000000000000000000000000000000000000000000000222222222222222222222222220000000000000000000000000000
000000000000000000000000011111111111111111111111111111111111111000000000000000000000000000000000000000000000000000000000222222222222222222222222200000000000000000000000000000
000000000000000000000000011111111111111111111111111111111111111000000000000000000000000000000000000000000000000000000000022222222222222222222222200000000000000000000000000000
000000000000000000000000011111111111111111111111111111111111111000000000000000000000000000000000000000000000000000000000002222222222222222222222000000000000000000000000000000
000000000000000000000000011111111111111111111111111111111111111000000000000000000000000000000000000000000000000000000000002222222222222222222220000000000000000000000000000000
000000000000000000000000011111111111111111111111111111111111111000000000000000000000000000000000000000000000000000000000000222222222222222222200000000000000000000000000000000
000000000000000000000000011111111111111111111111111111111111111000000000000000000000000000000000000000000000000000000000000222222222222222222200000000000000000000000000000000
000000000000000000000000011111111111111111111111111111111111111000000000000000000000000000000000000000000000000000000000000022222222222222222000000000000000000000000000000000
000000000000000000000000011111111111111111111111111111111111111000000000000000000000000000000000000000000000000000000000000002222222222222222000000000000000000000000000000000
000000000000000000000000011111111111111111111111111111111111111000000000000000000000000000000000000000000000000000000000000002222222222222220000000000000000000000000000000000
000000000000000000000000011111111111111111111111111111111111111000000000000000000000000000000000000000000000000000000000000000222222222222220000000000000000000000000000000000
000000000000000000000000011111111111111111111111111111111111111000000000000000000000000000000000000000000000000000000000000000222222222222200000000000000000000000000000000000
000000000000000000000000011111111111111111111111111111111111111000000000000000000000000000000000000000000000000000000000000000022222222222200000000000000000000000000000000000
000000000000000000000000011111111111111111111111111111111111111000000000000000000000000000000000000000000000000000000000000000022222222222000000000000000000000000000000000000
000000000000000000000000011111111111111111111111111111111111111000000000000000000000000000000000000000000000000000000000000000002222222222000000000000000000000000000000000000
000000000000000000000000011111111111111111111111111111111111111000000000000000000000000000000000000000000000000000000000000000000222222220000000000000000000000000000000000000
000000000000000000000000011111111111111111111111111111111111111000000000000000000000000000000000000000000000000000000000000000000222222200000000000000000000000000000000000000
000000000000000000000000011111111111111111111111111111111111111000000000000000000000000000000000000000000000000000000000000000000022222200000000000000000000000000000000000000
000000000000000000000000011111111111111111111111111111111111111000000000000000000000000000000000000000000000000000000000000000000022222000000000000000000000000000000000000000
000000000000000000000000011111111111111111111111111111111111111000000000000000000000000000000000000000000000000000000000000000000002222000000000000000000000000000000000000000
000000000000000000000000011111111111111111111111111111111111111000000000000000000000000000000000000000000000000000000000000000000002220000000000000000000000000000000000000000
000000000000000000000000011111111111111111111111111111111111111000000000000000000000000000000000000000000000000000000000000000000000200000000000000000000000000000000000000000
000000000000000000000000011111111111111111111111111111111111111000000000000000000000000000000000000000000000000000000000000000000000000000000000000000000000000000000000000000
000000000000000000000000001111111111111111111111111111111111110000000000000000000000000000000000000000000000000000000000000000000000000000000000000000000000000000000000000000
000000000000000000000000000000000000000000000000000000000000000000000000000000000000000000000000000000000000000000000000000000000000000000000000000000000000000000000000000000
000000000000000000000000000000000000000000000000000000000000000000000000000000000000000000000000000000000000000000000000000000000000000000000000000000000000000000000000000000
000000000000000000000000000000000000000000000000000000000000000000000000000000000000000000000000000000000000000000000000000000000000000000000000000000000000000000000000000000
000000000000000000000000000000000000000000000000000000000000000000000000000000000000000000000000000000000000000000000000000000000000000000000000000000000000000000000000000000
000000000000000000000000000000000000000000000000000000000000000000000000000000000000000000000000000000000000000000000000000000000000000000000000000000000000000000000000000000
000000000000000000000000000000000000000000000000000000000000000000000000000000000000000000000000000000000000000000000000000000000000000000000000000000000000000000000000000000
000000000000000000000000000000000000000000000000000000000000000000000000000000000000000000000000000000000000000000000000000000000000000000000000000000000000000000000000000000
000000000000000000000000000000000000000000000000000000000000000000000000000000000000000000000000000000000000000000000000000000000000000000000000000000000000000000000000000000
000000000000000000000000000000000000000000000000000000000000000000000000000000000000000000000000000000000000000000000000000000000000000000000000000000000000000000000000000000
000000000000000000000000000000000000000000000000000000000000000000000000000000000000000000000000000000000000000000000000000000000000000000000000000000000000000000000000000000
000000000000000000000000000000000000000000000000000000000000000000000000000000000000000000000000000000000000000000000000000000000000000000000000000000000000000000000000000000
000000000000000000000000000000000000000000000000000000000000000000000000000000000000000000000000000000000000000000000000000000000000000000000000000000000000000000000000000000
000000000000000000000000000000000000000000000000000000000000000000000000000000000000000000000000000000000000000000000000000000000000000000000000000000000000000000000000000000
000000000000000000000000000000000000000000000000000000000000000000000000000000000000000000000000000000000000000000000000000000000000000000000000000000000000000000000000000000
000000000000000000000000000000000000000000000000000000000000000000000000000000000000000000000000000000000000000000000000000000000000000000000000000000000000000000000000000000
000000000000000000000000000000000000000000000000000000000000000000000000000000000000000000000000000000000000000000000000000000000000000000000000000000000000000000000000000000
000000000000000000000000000000000000000000000000000000000000000000000000000000000000000000000000000000000000000000000000000000000000000000000000000000000000000000000000000000
000000000000000000000000000000000000000000000000000000000000000000000000000000000000000000000000000000000000000000000000000000000000000000000000000000000000000000000000000000
000000000000000000000000000000000000000000000000000000000000000000000000000000000000000000000000000000000000000000000000000000000000000000000000000000000000000000000000000000
000000000000000000000000000000000000000000000000000000000000000000000000000000000000000000000000000000000000000000000000000000000000000000000000000000000000000000000000000000
000000000000000000000000000000000000000000000000000000000000000000000000000000000000000000000000000000000000000000000000000000000000000000000000000000000000000000000000000000
000000000000000000000000000000000000000000000000000000000000000000000000000000000000000000000000000000000000000000000000000000000000000000000000000000000000000000000000000000
000000000000000000000000000000000000000000000000000000000000000000000000000000000000000000000000000000000000000000000000000000000000000000000000000000000000000000000000000000
000000000000000000000000000000000000000000000000000000000000000000000000000000000000000000000000000000000000000000000000000000000000000000000000000000000000000000000000000000
000000000000000000000000000000000000000000000000000000000000000000000000000000000000000000000000000000000000000000000000000000000000000000000000000000000000000000000000000000
000000000000000000000000000000000000000000000000000000000000000000000000000000000000000000000000000000000000000000000000000000000000000000000000000000000000000000000000000000
000000000000000000000000000000000000000000000000000000000000000000000000000000000000000000000000000000000000000000000000000000000000000000000000000000000000000000000000000000
000000000000000000000000000000000000000000000000000000000000000000000000000000000000000000000000000000000000000000000000000000000000000000000000000000000000000000000000000000
000000000000000000000000000000000000000000000000000000000000000000000000000000000000000000000000000000000000000000000000000000000000000000000000000000000000000000000000000000
000000000000000000000000000000000000000000000000000000000000000000000000000000000000000000000000000000000000000000000000000000000000000000000000000000000000000000000000000000
000000000000000000000000000000000000000000000000000000000000000000000000000000000000000000000000000000000000000000000000000000000000000000000000000000000000000000000000000000
000000000000000000000000000000000000000000000000000000000000000000000000000000000000000000000000000000000000000000000000000000000000000000000000000000000000000000000000000000
000000000000000000000000000000000000000000000000000000000000000000000000000000000000000000000000000000000000000000000000000000000000000000000000000000000000000000000000000000
000000000000000000000000000000000000000000000000000000000000000000000000000000000000000000000000000000000000000000000000000000000000000000000000000000000000000000000000000000
000000000000000000000000000000000000000000000000000000000000000000000000000000000000000000000000000000000000000000000000000000000000000000000000000000000000000000000000000000
000000000000000000000000000000000000000000000000000000000000000000000000000000000000000000000000000000000000000000000000000000000000000000000000000000000000000000000000000000
000000000000000000000000000000000000000000000000000000000000000000000000000000000000000000000000000000000000000000000000000000000000000000000000000000000000000000000000000000
000000000000000000000000000000000000000000000000000000000000000000000000000000000000000000000000000000000000000000000000000000000000000000000000000000000000000000000000000000
000000000000000000000000000000000000000000000000000000000000000000000000000000000000000000000000000000000000000000000000000000000000000000000000000000000000000000000000000000
000000000000000000000000000000000000000000000000000000000000000000000000000000000000000000000000000000000000000000000000000000000000000000000000000000000000000000000000000000
000000000000000000000000000000000000000000000000000000000000000000000000000000000000000000000000000000000000000000000000000000000000000000000000000000000000000000000000000000
000000000000000000000000000000000000000000000000000000000000000000000000000000000000000000000000000000000000000000000000000000000000000000000000000000000000000000000000000000
000000000000000000000000000000000000000000000000000000000000000000000000000000000000000000000000000000000000000000000000000000000000000000000000000000000000000000000000000000
000000000000000000000000000000000000000000000000000000000000000000000000000000000000000000000000000000000000000000000000000000000000000000000000000000000000000000000000000000
000000000000000000000000000000000000000000000000000000000000000000000000000000000000000000000000000000000000000000000000000000000000000000000000000000000000000000000000000000
000000000000000000000000000000000000000000000000000000000000000000000000000000000000000000000000000000000000000000000000000000000000000000000000000000000000000000000000000000
000000000000000000000000000000000000000000000000000000000000000000000000000000000000000000000000000000000000000000000000000000000000000000000000000000000000000000000000000000
000000000000000000000000000000000000000000000000000000000000000000000000000000000000000000000000000000000000000000000000000000000000000000000000000000000000000000000000000000
000000000000000000000000000000000000000000000000000000000000000000000000000000000000000000000000000000000000000000000000000000000000000000000000000000000000000000000000000000
000000000000000000000000000000000000000000000000000000000000000000000000000000000000000000000000000000000000000000000000000000000000000000000000000000000000000000000000000000
000000000000000000000000000000000000000000000000000000000000000000000000000000000000000000000000000000000000000000000000000000000000000000000000000000000000000000000000000000
000000000000000000000000003300000000000000000000000000000000000000000000000000000000000000000000000000000000000000000000000000000000000000000000000000000000000000000000000000
000000000000000000000000033333333333333333333333333333333333333000000000000000000000000000000000000000044444444444444444444444444444444444444444444444444444444444000000000000
000000000000000000000000333333333333333333333333333333333333333000000000000000000000000000000000000000004444444444444444444444444444444444444444444444444444444440000000000000
000000000000000000000000033333333333333333333333333333333333333000000000000000000000000000000000000000000444444444444444444444444444444444444444444444444444444440000000000000
000000000000000000000000033333333333333333333333333333333333333000000000000000000000000000000000000000000444444444444444444444444444444444444444444444444444444440000000000000
000000000000000000000000033333333333333333333333333333333333333000000000000000000000000000000000000000000044444444444444444444444444444444444444444444444444444400000000000000
000000000000000000000000033333333333333333333333333333333333333000000000000000000000000000000000000000000044444444444444444444444444444444444444444444444444444000000000000000
000000000000000000000000033333333333333333333333333333333333333000000000000000000000000000000000000000000044444444444444444444444444444444444444444444444444444000000000000000
000000000000000000000000033333333333333333333333333333333333333000000000000000000000000000000000000000000004444444444444444444444444444444444444444444444444440000000000000000
000000000000000000000000033333333333333333333333333333333333333000000000000000000000000000000000000000000004444444444444444444444444444444444444444444444444440000000000000000
000000000000000000000000033333333333333333333333333333333333333000000000000000000000000000000000000000000000444444444444444444444444444444444444444444444444400000000000000000
000000000000000000000000033333333333333333333333333333333333333000000000000000000000000000000000000000000000444444444444444444444444444444444444444444444444400000000000000000
000000000000000000000000033333333333333333333333333333333333333000000000000000000000000000000000000000000000044444444444444444444444444444444444444444444444000000000000000000
000000000000000000000000033333333333333333333333333333333333333000000000000000000000000000000000000000000000004444444444444444444444444444444444444444444440000000000000000000
000000000000000000000000033333333333333333333333333333333333333000000000000000000000000000000000000000000000004444444444444444444444444444444444444444444440000000000000000000
000000000000000000000000033333333333333333333333333333333333333000000000000000000000000000000000000000000000000444444444444444444444444444444444444444444400000000000000000000
000000000000000000000000033333333333333333333333333333333333333000000000000000000000000000000000000000000000000044444444444444444444444444444444444444444400000000000000000000
000000000000000000000000033333333333333333333333333333333333333000000000000000000000000000000000000000000000000044444444444444444444444444444444444444444000000000000000000000
000000000000000000000000033333333333333333333333333333333333333000000000000000000000000000000000000000000000000004444444444444444444444444444444444444444000000000000000000000
000000000000000000000000033333333333333333333333333333333333333000000000000000000000000000000000000000000000000004444444444444444444444444444444444444440000000000000000000000
000000000000000000000000033333333333333333333333333333333333333000000000000000000000000000000000000000000000000000444444444444444444444444444444444444400000000000000000000000
000000000000000000000000033333333333333333333333333333333333333000000000000000000000000000000000000000000000000000444444444444444444444444444444444444400000000000000000000000
000000000000000000000000033333333333333333333333333333333333333000000000000000000000000000000000000000000000000000044444444444444444444444444444444444000000000000000000000000
000000000000000000000000033333333333333333333333333333333333333000000000000000000000000000000000000000000000000000004444444444444444444444444444444444000000000000000000000000
000000000000000000000000033333333333333333333333333333333333333000000000000000000000000000000000000000000000000000004444444444444444444444444444444440000000000000000000000000
000000000000000000000000033333333333333333333333333333333333333000000000000000000000000000000000000000000000000000000444444444444444444444444444444440000000000000000000000000
000000000000000000000000033333333333333333333333333333333333333000000000000000000000000000000000000000000000000000000444444444444444444444444444444400000000000000000000000000
000000000000000000000000033333333333333333333333333333333333333000000000000000000000000000000000000000000000000000000044444444444444444444444444444400000000000000000000000000
000000000000000000000000033333333333333333333333333333333333333000000000000000000000000000000000000000000000000000000004444444444444444444444444444000000000000000000000000000
000000000000000000000000033333333333333333333333333333333333333000000000000000000000000000000000000000000000000000000004444444444444444444444444444000000000000000000000000000
000000000000000000000000033333333333333333333333333333333333333000000000000000000000000000000000000000000000000000000000444444444444444444444444440000000000000000000000000000
000000000000000000000000033333333333333333333333333333333333333000000000000000000000000000000000000000000000000000000000044444444444444444444444400000000000000000000000000000
000000000000000000000000033333333333333333333333333333333333333000000000000000000000000000000000000000000000000000000000044444444444444444444444400000000000000000000000000000
000000000000000000000000033333333333333333333333333333333333333000000000000000000000000000000000000000000000000000000000004444444444444444444444000000000000000000000000000000
000000000000000000000000033333333333333333333333333333333333333000000000000000000000000000000000000000000000000000000000004444444444444444444440000000000000000000000000000000
000000000000000000000000033333333333333333333333333333333333333000000000000000000000000000000000000000000000000000000000000444444444444444444400000000000000000000000000000000
000000000000000000000000033333333333333333333333333333333333333000000000000000000000000000000000000000000000000000000000000444444444444444444400000000000000000000000000000000
000000000000000000000000033333333333333333333333333333333333333000000000000000000000000000000000000000000000000000000000000044444444444444444000000000000000000000000000000000
000000000000000000000000033333333333333333333333333333333333333000000000000000000000000000000000000000000000000000000000000004444444444444444000000000000000000000000000000000
000000000000000000000000033333333333333333333333333333333333333000000000000000000000000000000000000000000000000000000000000004444444444444440000000000000000000000000000000000
000000000000000000000000033333333333333333333333333333333333333000000000000000000000000000000000000000000000000000000000000000444444444444440000000000000000000000000000000000
000000000000000000000000033333333333333333333333333333333333333000000000000000000000000000000000000000000000000000000000000000444444444444400000000000000000000000000000000000
000000000000000000000000033333333333333333333333333333333333333000000000000000000000000000000000000000000000000000000000000000044444444444400000000000000000000000000000000000
000000000000000000000000033333333333333333333333333333333333333000000000000000000000000000000000000000000000000000000000000000044444444444000000000000000000000000000000000000
000000000000000000000000033333333333333333333333333333333333333000000000000000000000000000000000000000000000000000000000000000004444444444000000000000000000000000000000000000
000000000000000000000000033333333333333333333333333333333333333000000000000000000000000000000000000000000000000000000000000000000444444440000000000000000000000000000000000000
000000000000000000000000033333333333333333333333333333333333333000000000000000000000000000000000000000000000000000000000000000000444444400000000000000000000000000000000000000
000000000000000000000000033333333333333333333333333333333333333000000000000000000000000000000000000000000000000000000000000000000044444400000000000000000000000000000000000000
000000000000000000000000033333333333333333333333333333333333333000000000000000000000000000000000000000000000000000000000000000000044444000000000000000000000000000000000000000
000000000000000000000000033333333333333333333333333333333333333000000000000000000000000000000000000000000000000000000000000000000004444000000000000000000000000000000000000000
000000000000000000000000033333333333333333333333333333333333333000000000000000000000000000000000000000000000000000000000000000000004440000000000000000000000000000000000000000
000000000000000000000000033333333333333333333333333333333333333000000000000000000000000000000000000000000000000000000000000000000000400000000000000000000000000000000000000000
000000000000000000000000003333333333333333333333333333333333330000000000000000000000000000000000000000000000000000000000000000000000000000000000000000000000000000000000000000
000000000000000000000000000000000000000000000000000000000000000000000000000000000000000000000000000000000000000000000000000000000000000000000000000000000000000000000000000000
000000000000000000000000000000000000000000000000000000000000000000000000000000000000000000000000000000000000000000000000000000000000000000000000000000000000000000000000000000
000000000000000000000000000000000000000000000000000000000000000000000000000000000000000000000000000000000000000000000000000000000000000000000000000000000000000000000000000000
000000000000000000000000000000000000000000000000000000000000000000000000000000000000000000000000000000000000000000000000000000000000000000000000000000000000000000000000000000
000000000000000000000000000000000000000000000000000000000000000000000000000000000000000000000000000000000000000000000000000000000000000000000000000000000000000000000000000000
000000000000000000000000000000000000000000000000000000000000000000000000000000000000000000000000000000000000000000000000000000000000000000000000000000000000000000000000000000
000000000000000000000000000000000000000000000000000000000000000000000000000000000000000000000000000000000000000000000000000000000000000000000000000000000000000000000000000000
000000000000000000000000000000000000000000000000000000000000000000000000000000000000000000000000000000000000000000000000000000000000000000000000000000000000000000000000000000
000000000000000000000000000000000000000000000000000000000000000000000000000000000000000000000000000000000000000000000000000000000000000000000000000000000000000000000000000000
000000000000000000000000000000000000000000000000000000000000000000000000000000000000000000000000000000000000000000000000000000000000000000000000000000000000000000000000000000
000000000000000000000000000000000000000000000000000000000000000000000000000000000000000000000000000000000000000000000000000000000000000000000000000000000000000000000000000000
000000000000000000000000000000000000000000000000000000000000000000000000000000000000000000000000000000000000000000000000000000000000000000000000000000000000000000000000000000
000000000000000000000000000000000000000000000000000000000000000000000000000000000000000000000000000000000000000000000000000000000000000000000000000000000000000000000000000000
000000000000000000000000000000000000000000000000000000000000000000000000000000000000000000000000000000000000000000000000000000000000000000000000000000000000000000000000000000
000000000000000000000000000000000000000000000000000000000000000000000000000000000000000000000000000000000000000000000000000000000000000000000000000000000000000000000000000000
000000000000000000000000000000000000000000000000000000000000000000000000000000000000000000000000000000000000000000000000000000000000000000000000000000000000000000000000000000
000000000000000000000000000000000000000000000000000000000000000000000000000000000000000000000000000000000000000000000000000000000000000000000000000000000000000000000000000000
000000000000000000000000000000000000000000000000000000000000000000000000000000000000000000000000000000000000000000000000000000000000000000000000000000000000000000000000000000
000000000000000000000000000000000000000000000000000000000000000000000000000000000000000000000000000000000000000000000000000000000000000000000000000000000000000000000000000000
000000000000000000000000000000000000000000000000000000000000000000000000000000000000000000000000000000000000000000000000000000000000000000000000000000000000000000000000000000
000000000000000000000000000000000000000000000000000000000000000000000000000000000000000000000000000000000000000000000000000000000000000000000000000000000000000000000000000000
000000000000000000000000000000000000000000000000000000000000000000000000000000000000000000000000000000000000000000000000000000000000000000000000000000000000000000000000000000
000000000000000000000000000000000000000000000000000000000000000000000000000000000000000000000000000000000000000000000000000000000000000000000000000000000000000000000000000000
000000000000000000000000000000000000000000000000000000000000000000000000000000000000000000000000000000000000000000000000000000000000000000000000000000000000000000000000000000
000000000000000000000000000000000000000000000000000000000000000000000000000000000000000000000000000000000000000000000000000000000000000000000000000000000000000000000000000000
000000000000000000000000000000000000000000000000000000000000000000000000000000000000000000000000000000000000000000000000000000000000000000000000000000000000000000000000000000

