0000000000000000000111111111111111110000000000000000022222222222222222222200000000000000000000000033333333333333333333333000000000000000000000000044444444444444444440000000000000000000000000000000000000000000000000000000000000000000000000000055555555555555
0000000000000000001111111111111111100000000000000000022222222222222222222200000000000000000000000333333333333333333333333000000000000000000000000444444444444444444440000000000000000000000000000000000000000000000000000000000000000000000000000555555555555555
0000000000000000001111111111111111000000000000000000002222222222222222222200000000000000000000000333333333333333333333333300000000000000000000000444444444444444444440000000000000000000000000000000000000000000000000000000000000000000000000000555555555555555
0000000000000000011111111111111110000000000000000000002222222222222222222200000000000000000000000333333333333333333333333300000000000000000000004444444444444444444444000000000000000000000000000000000000000000000000000000000000000000000000005555555555555555
0000000000000000011111111111111100000000000000000000002222222222222222222000000000000000000000003333333333333333333333333300000000000000000000004444444444444444444444000000000000000000000000000000000000000000000000000000000000000000000000005555555555555555
0000000000000000111111111111111000000000000000000000002222222222222222222000000000000000000000003333333333333333333333333300000000000000000000004444444444444444444444400000000000000000000000000000000000000000000000000000000000000000000000055555555555555555
0000000000000001111111111111110000000000000000000000000222222222222222220000000000000000000000003333333333333333333333333300000000000000000000004444444444444444444444400000000000000000000000000000066600000000000000000000000000000000000000055555555555555555
0000000000000011111111111111100000000000000000000000000022222222222222200000000000000000000000003333333333333333333333333300000000000000000000004444444444444444444444400000000000000000000000000066666666000000000000000000000000000000000000055555555555555555
0000000000000111111111111111100000000000000000000000000022222222222222000000000000000000000000003333333333333333333333333000000000000000000000004444444444444444444444400000000000000000000000006666666666600000000000000000000000000000000000555555555555555555
0000000000000111111111111111100000000000000000000000000002222222222200000000000000000000000000003333333333333333333333333000000000000000000000004444444444444444444444400000000000000000000000066666666666666000000000000000000000000000000000555555555555555555
0000000000001111111111111111000000000000000000000000000000222222220000000000000000000000000000003333333333333333333333333000000000000000000000004444444444444444444444000000000000000000000000666666666666666600000000000000000000000000000000555555555555555555
0000000000001111111111111111000000000000000000000000000000000000000000000000000000000000000000003333333333333333333333333300000000000000000000004444444444444444444444000000000000000000000000666666666666666660000000000000000000000000000005555555555555555555
0000000000011111111111111111000000000000000000000000000000000000000000000000000000000000000000003333333333333333333333333300000000000000000000000444444444444444444440000000000000000000000000666666666666666660000000000000000000000000000005555555555555555555
0000000000011111111111111111000000000000000000000000000000000000000000000000000000000000000000033333333333333333333333333300000000000000000000000444444444444444444440000000000000000000000006666666666666666660000000000000000000000000000005555555555555555555
0000000000111111111111111110000000000000000000000000000000000000000000000000000000000000000000033333333333333333333333333300000000000000000000000444444444444444444440000000000000000000000006666666666666666660000000000000000000000000000005555555555555555555
0000000000011111111111111110000000000000000000000000000000000000000000000000000000000000000000033333333333333333333333333300000000000000000000000444444444444444444440000000000000000000000006666666666666666660000000000000000000000000000005555555555555555555
0000000000011111111111111110000000000000000000000000000000000000000000000000000000000000000000033333333333333333333333333300000000000000000000000044444444444444444400000000000000000000000006666666666666666660000000000000000000000000000000555555555555555555
0000000000011111111111111110000000000000000000000000000000000000000000000000000000000000000000033333333333333333333333333300000000000000888800000044444444444444444000000000000000000000000006666666666666666600000000000099999000000000000000555555555555555555
00000000000111111111111111000000000000000010101010101010000000000000000000000000000000000000000000000003333333333333333333333333000000000000088888888000004444444444444440000000000000000000000000006666666666666666600000000009999999990000000000000555555555555555555
000000000001111111111111110000000000000010101010101010101010100000000000000000000000000000000000000000000003333333333333333333333333000000000000088888888000004444444444444400000000000000000000000000006666666666666666600000000099999999990000000000000555555555555555555
110000000001111111111111110000000000000010101010101010101010101010000000000000000000000000000000000000000000000333333333333333333333330000000000000888888888000000444444444444000000000000000000000000000006666666666666666000000000999999999990000000000000555555555555555555
11110000000011111111111111100000000000001010101010101010101010101010000000000000000000000000000000000000000000000333333333333333333333330000000000000888888888000000044444444440000000000012121212121200000000000000666666666666666000000000999999999990000000000000055555555555555555
11110000000001111111111111100000000000001010101010101010101010101010100000000000000000000000000000000000000000000003333333333333333333333000000000000088888888800000000044444400000000000121212121212121212121212121200000000066666666666660000000009999999999990000000000000055555555555555555
11110000000001111111111111000000000000010101010101010101010101010101010000000000000000000000000000000000000000000000033333333333333333333000000000000008888888880000000000000000000000000121212121212121212121212121212120000000066666666666600000000009999999999990000000000000055555555555555555
1111000000000111111111111100000000000001010101010101010101010101010101000000000000000000000000000000000000000000000000333333333333333333000000000000000888888888000000000000000000000000121212121212121212121212121212121212000000006666666666000000000099999999999999000000000000005555555555555555
111111000000001111111111111000000000000010101010101010101010101010101010000000000000000000000000000000000000000000000000333333333333333300000000000000008888888800000000000000000000000012121212121212121212121212121212121212000000000666666600000000000099999999999999900000000000000555555555555555
111111000000000111111111110000000000000010101010101010101010101010101010000000000000000000000013131313131313130000000000000000000333333333333330000000000000000008888880000000000000000000000000121212121212121212121212121212121212121200000000066600000000000000999999999999999900000000000000555555555555500
1111110000000000111111111000000000000000101010101010101010101010101010100000000000000000001313131313131313131313131300000000000000000000033333333300000000000000000000008800000000000000000000000000121212121212121212121212121212121212121212120000000000000000000000000999999999999999900000000000000055555555550000
111111000000000001111111000000000000000001010101010101010101010101010100000000000000000131313131313131313131313131313000000000000000000000000000000000000000000000000000000000000000000000000000000012121212121212121212121212121212121212121212120000000000000000000000000999999999999999900000000000000005555550000000
11111100000000000011110000000000000000000101010101010101010101010101000000000000000001313131313131313131313131313131313000000000000000000000000000000000000000000000000000000000000000000000000000000121212121212121212121212121212121212121212121212000000000000000000000000999999999999999990000000000000000000000000000
11110000000000000000000000000000000000001010101010101010101010101010000000000000000131313131313131313131313131313131313000000000000000000000000000000000000000000000000000000000000000000000000000000121212121212121212121212121212121212121212121212000000000000000000000000999999999999999990000000000000000000000000000
1111000000000000000000000000000000000000101010101010101010101010100000000000000001313131313131313131313131313131313131313000000000000000000000000000000000000000000000000000000000000000000000000000012121212121212121212121212121212121212121212121212000000000000000000000000099999999999999900000000000000000000000000000
110000000000000000000000000000000000000010101010101010101010101000000000000000131313131313131313131313131313131313131313000000000000000000000000000000000000000000000000000000000000000000000000000012121212121212121212121212121212121212121212121212000000000000000000000000099999999999999900000000000000000000000000000
110000000000000000000000000000000000000010101010101010101010100000000000000001313131313131313131313131313131313131313131300000000000000000000000000000000000000000000000000000000000000000000000000012121212121212121212121212121212121212121212121212000000000000000000000000099999999999999900000000000000000000000000000
000000000000000000000000000000000000000001010101010101010000000000000000131313131313131313131313131313131313131313131300000000000000000000000000000000000000000000000000000000000000000000000000012121212121212121212121212121212121212121212121212000000000000000000000000099999999999999000000000000000000000000000000
0000000000000000000000000000000000000000000101010100000000000000000013131313131313131313131313131313131313131313130000000000000000000000000000000000000000000000000000000000000000000000000001212121212121212121212121212121212121212121212120000000000000000000000000099999999999990000000000000000000000000000000
000000000000000000000000000000000000000000000000000000000000000131313131313131313131313131313131313131313131300000000000000000000000000000000000000000000000000000000000000000000000000001212121212121212121212121212121212121212121212120000000000000000000000000009999999999990000000000000000000000000000000
000000000000000000000000000000000000000000000000000000000000000131313131313131313131313131313131313131313131300000000000000000000000000000000000000000000000000000000000000000000000000001212121212121212121212121212121212121212121212120000000000000000000000000000099999999000000000000000000000000000000000
00000000000000000000000000000000000000000000000000000000000000131313131313131313131313131313131313131313131313000000000000000000000000000000000000000000000000000000000000000000000000000001212121212121212121212121212121212121212121200000000000000000000000000000009999900000000000000000000000000000000000
000000015151515000000000000000000000000000000000000000000000000000131313131313131313131313131313131313131313131313130000000000000000000000000000000000000000000000000000000000000000000000000000012121212121212121212121212121212121212120000000000000000000000000000000000000000000000016161616161616000000000000000000
000000151515151515000000000000000000000000000000000000000000000000013131313131313131313131313131313131313131313131313130000000000000000000000000000000000000000000000000000000000000000000000000000012121212121212121212121212121212121212120000000000000000000000000000000000000000000001616161616161616161600000000000000000
00000151515151515151500000000000000000000000000000000000000000000000013131313131313131313131313131313131313131313131313130000000000000000000000000000000000000000000000000000000000000000000000000000001212121212121212121212121212121212120000000000000000000000000000000000000000000001616161616161616161616160000000000000000
00001515151515151515150000000000000000000000000000000000000000000000001313131313131313131313131313131313131313131313131313000000000000000000000000000000000000000000000000001717171717000000000000000000000000121212121212121212121212121212120000000000000000000000000000000000000000000001616161616161616161616161616000000000000000
0000151515151515151515000000000000000000000000000000000000000000000001313131313131313131313131313131313131313131313131313130000000000000000000000000000000000000000000000017171717171717171717000000000000000000000001212121212121212121212121212120000000000000000181818181800000000000000000000000161616161616161616161616161616000000000000000
0001515151515151515151500000000000000191919191900000000000000000000000000001313131313131313131313131313131313131313131313131313130000000000000000000000000000000000000000000001717171717171717171717171700000000000000000000001212121212121212121212121212000000000000000181818181818181800000000000000000000016161616161616161616161616161616000000000000000
000151515151515151515150000000000019191919191919191919000000000000000000000000013131313131313131313131313131313131313131313131313131313000000000000000000000000000000000000000000001717171717171717171717171717000000000000000000000000121212121212121212121200000000000000018181818181818181800000000000000000000016161616161616161616161616161616000000000000000
00015151515151515151515000000000191919191919191919191919190000000000000000000000001313131313131313131313131313131313131313131313131313131300000000000000000000000000000000000000000001717171717171717171717171717171700000000000000000000000001212121212121200000000000000001818181818181818181800000000000000000000016161616161616161616161616161616000000000000000
0001515151515151515151500000000019191919191919191919191919191900000000000000000000001313131313131313131313131313131313131313131313131313130000000000000000000000000000000000000000000017171717171717171717171717171717170000000000000000000000000000000000000000000000181818181818181818181800000000000000000000016161616161616161616161616161616000000000000000
0001515151515151515150000000001919191919191919191919191919191919000000000000000000000131313131313131313131313131313131313131313131313131313000000000000000000000000000000000000000000017171717171717171717171717171717171717000000000000000000000000000000000000000000000181818181818181818181800000000000000000000016161616161616161616161616161616000000000000000
0000151515151515151500000000191919191919191919191919191919191919190000000000000000000013131313131313131313131313131313131313131313131313130000000000000000000000000000000000000000000017171717171717171717171717171717171717000000000000000000000000000000000000000000000181818181818181818181818000000000000000000000161616161616161616161616161616000000000000000
000001515151515150000000001919191919191919191919191919191919191919000000000000000000001313131313131313131313131313131313131313131313000000000000000000000000000000000000000000000017171717171717171717171717171717171717170000000000000000000000000000000000000000000018181818181818181818181800000000000000000000001616161616161616161616161616000000000000000
00000000000000000001919191919191919191919191919191919191919191900000000000000000001313131313131313131313131313131313131313131300000000000000000000000000000000000000000000000171717171717171717171717171717171717171700000000000000000000000000000000000000000001818181818181818181818181800000000000000000000001616161616161616161616161616000000000000000
000000000000000000019191919191919191919191919191919191919191919000000000000000000001313131313131313131313131313131313131313130000000000000000000000000000000000000000000000017171717171717171717171717171717171717171700000000000000000000000000000000000000000018181818181818181818181818000000000000000000000001616161616161616161616160000000000000000
000000000000000000191919191919191919191919191919191919191919191900000000000000000000013131313131313131313131313131313131300000000000000000000000000000000000000000000000001717171717171717171717171717171717171717170000000000000000000000000000000000000000001818181818181818181818181800000000000000000000000016161616161616161616160000000000000000
00000000000000000019191919191919191919191919191919191919191919190000000000000000000000013131313131313131313131313130000000000000000000000000000000000000000000000000017171717171717171717171717171717171717171717000000000000000000000000000000000000000001818181818181818181818181800000000000000000000000001616161616161616161600000000000000000
0000000000000000001919191919191919191919191919191919191919191919000000000000000000000000131313131313131313131300000000000000000000000000000000000000000000000000001717171717171717171717171717171717171717171700000000000000000000000000000000000000000181818181818181818181818180000000000000000000000000161616161616161616000000000000000000
00000000000000000191919191919191919191919191919191919191919191919000000000000000000000000001313131313131313000000000000000000000000000000000000000000000000000001717171717171717171717171717171717171717171700000000000000000000000000000000000000001818181818181818181818181818000000000000000000000000000161616161600000000000000000000
000000000000000001919191919191919191919191919191919191919191919190000000000000000000000000000000000000000000000000000000000000000000000000000000000000001717171717171717171717171717171717171717171700000000000000000000000000000000000000001818181818181818181818181800000000000000000000000000000000000000000000000000000
000000000000000001919191919191919191919191919191919191919191919190000000000000000000000000000000000000000000000000000000000000000000000000000000000000000171717171717171717171717171717171717171717000000000000000000000000000000000000000181818181818181818181818181800000000000000000000000000000000000000000000000000000
0000000000000000019191919191919191919191919191919191919191919190000000000000000000000000000000000000000000000000000000000000000000000000000000000000000017171717171717171717171717171717171717170000000000000000000000000000000000000001818181818181818181818181818000000000000000000000000000000000000000000000000000000
000000000000000001919191919191919191919191919191919191919191919000000000000000000000000000000000000000000000000000000000002222222222000000000000000000000000017171717171717171717171717171717171717170000000000000000000000000000000000000018181818181818181818181818181800000000000002323000000000000000000000000000000000000000
000000000000000001919191919191919191919191919191919191919191919000000000000000000000000000000000000000000000000000000000222222222222222222220000000000000000000000171717171717171717171717171717171717171700000000000000000000000000000000000000181818181818181818181818181800000000000232323232323230000000000000000000000000000000000000
000000000000000001919191919191919191919191919191919191919191919000000000000000000000000000000000000000000000000000000002222222222222222222222220000000000000000000000171717171717171717171717171717171717000000000000000000000000000000000000001818181818181818181818181818180000000000232323232323232323000000000000000000000000000000000000
0000000000000000019191919191919191919191919191919191919191919000000000000000000000000000000000000000000000000000000002222222222222222222222222200000000000000000000001717171717171717171717171717171717170000000000000000000000000000000000000018181818181818181818181818180000000000232323232323232323232300000000000000000000000002424242424240000
0000000000000000019191919191919191919191919191919191919191919000000000000000000000000000000000000000000000000000000022222222222222222222222222222200000000000000000000001717171717171717171717171717171700000000000000000000000000000000000000181818181818181818181818181818000000000232323232323232323232323230000000000000000000000242424242424242424000
00000000000000000019191919191919191919191919191919191919190000000000000000000000000000000000000000000000000000000222222222222222222222222222222220000000000000000000000017171717171717171717171717170000000000000000000000250000000000000000181818181818181818181818181818000000002323232323232323232323232323000000000000000000242424242424242424242424242400
000000000000000000191919191919191919191919191919191919191900000000000000000000000000000000000000000000000000000002222222222222222222222222222222200000000000000000000000001717171717171717171717000000000000000000002525252525250000000000000181818181818181818181818181818180000000023232323232323232323232323232300000000000000002424242424242424242424242424242424
0000000000000000000191919191919191919191919191919191919000000000000000000000000000000000000000000000000000000022222222222222222222222222222222220000000000000000000000000000171717171717170000000000000000000025252525252525252500000000000181818181818181818181818181818000000000232323232323232323232323232323000000000000000242424242424242424242424242424242424
000000000000000000001919191919191919191919191919191900000000000000000000000000000000000000000000000000000002222222222222222222222222222222222220000000000000000000000000000000000000000000000000000002525252525252525252525000000000018181818181818181818181818181800000000232323232323232323232323232323230000000000000024242424242424242424242424242424242424
000000000000000000000191919191919191919191919191900000000000000000000000000000000000000000000000000000000222222222222222222222222222222222222000000000000000000000000000000000000000000000000000002525252525252525252525250000000000181818181818181818181818181818000000002323232323232323232323232323232300000000000002424242424242424242424242424242424242424
000000000000000000000001919191919191919190000000000000000000000000000000000000000000000000000000000222222222222222222222222222222222222220000000000000000000000000000000000000000000000000000025252525252525252525252525000000000018181818181818181818181818180000000023232323232323232323232323232323000000000000242424242424242424242424242424242424242424
00000000000000000000000001919190000000000000000000000000000000000000000000000000000000000000022222222222222222222222222222222222222000000000000000000000000000000000000000000000000000002525252525252525252525252500000000001818181818181818181818181800000000023232323232323232323232323232323000000000000242424242424242424242424242424242424242424
00000000000000000000000000000000000000000000000000000000000000000000000000000000000000000222222222222222222222222222222222222222200000000000000000000000000000000000000000000000000000252525252525252525252525250000000000001818181818181818181800000000002323232323232323232323232323230000000000000242424242424242424242424242424242424242424
0000000000000000000000000000000000000000000000000000000000002626262626262626262600000000000000000002222222222222222222222222222222222222222000000000000000000000000000000000000000000000000000002525252525252525252525252500000000000001818181818181818000000000002323232323232323232323232323230000000000000242424242424242424242424242424242424242424
0000000000000000000000000000000000000000000000000000000000262626262626262626262626260000000000000000002222222222222222222222222222222222222222000000000000000000000000000000000000000000000000000002525252525252525252525250000000000000001818181818180000000000002323232323232323232323232323230000000000000242424242424242424242424242424242424242424
00000000000000000000000000000000000000000000000000000000262626262626262626262626262626260000000000000000022222222222222222222222222222222222222220000000000000027272727000000000000272727272700000000000000000025252525252525252525252500000000000000001818180000000000000232323232323232323232323232323230000000000000242424242424242424242424242424242424242424
00000000000000000000000000000000000000000000000000000000262626262626262626262626262626260000000000000000002222222222222222222222222222222222220000000000000272727272727272700000000272727272727272700000000000000000252525252525252525252500000000000000000000000000000000023232323232323232323232323232300000000000000242424242424242424242424242424242424242424
00000000000000000000000000000002828282828282800000000000000000262626262626262626262626262626262626000000000000000022222222222222222222222222222222222222000000000000272727272727272727272727002727272727272727272727270000000000000000252525252525252525252500000000000000000000000000000000002323232323232323232323232323000000000000002424242424242424242424242424242424242400
000000000000000000000000000002828282828282828282800000000000000002626262626262626262626262626262626262600000000000000022222222222222222222222222222222222222000000000002727272727272727272727272727272727272727272727272727270000000000000000252525252525252525250000000000000000000000000000000000023232323232323232323232323000000000000000024242424242424242424242424242424242400
00000000000000000000000000002828282828282828282828280000000000000026262626262626262626262626262626262626262600000000000000222222222222222222222222222222222222220000000000272727272727272727272727272727272727272727272727272727270000000000000000025252525252525250000000000000000000000000000000000000232323232323232323230000000000000000002424242424242424242424242424242424000
000000000000000000000000000282828282828282828282828280000000000000026262626262626262626262626262626262626262600000000000000222222222222222222222222222222222222000000000002727272727272727272727272727272727272727272727272727272727000000000000000000252525250000000000000000000000000000000000000000023232323232323000000000000000000002424242424242424242424242424240000
00000000000000000000000000028282828282828282828282828280000000000002626262626262626262626262626262626262626262600000000000000022222222222222222222222222222222220000000000027272727272727272727272727272727272727272727272727272727270000000000000000000000000000000000000000000000000000000000000000023000000000000000000000000024242424242424242424242424240000
00292929292929292900000000000000000282828282828282828282828282828000000000002626262626262626262626262626262626262626262600000000000000022222222222222222222222222222222000000000002727272727272727272727272727272727272727272727272727272727270000000000000000000000000000000000000000000000000000000000000000000000000000000000000000000024242424242424242424242400000
2929292929292929292929000000000000000028282828282828282828282828282800000000000262626262626262626262626262626262626262626260000000000000000222222222222222222222222222200000000000027272727272727272727272727272727272727272727272727272727270000000000000000000000000000000000000000000000000000000000000000000000000000000000000000000000000002424242424000000
2929292929292929292929290000000000000002828282828282828282828282828280000000000026262626262626262626262626262626262626262626000000000000000002222222222222222222222220000000000000272727272727272727272727272727272727272727272727272727272700000000000000000000000000000000000000000000000000000000000000000000000000000000000000000000000000000000000000
29292929292929292929292929290000000000002828282828282828282828282828282828000000000026262626262626262626262626262626262626262626000000000000000000222222222222222222220000000000000027272727272727272727272727272727272727272727272727272727000000000000000000000000000000000000000000000000000000000000000000000000000003030300000000000000000000000000000000
292929292929292929292929292900000000000028282828282828282828282828282828280000000000026262626262626262626262626262626262626260000000000000000000000222222222200000000000000002727272727272727272727272727272727272727272727272727270000000000000000000000000000000000000000000000000000000000000000000000000003030303030303030300000000000000000000000000000
29292929292929292929292929292929000000000028282828282828282828282828282828280000000000026262626262626262626262626262626262626260000000000000000000000000000000000000000000272727272727272727272727272727272727272727270000000000000000000000000000000000000003100000000000000000000000000000000000000030303030303030303030303000000000000000000000000000
29292929292929292929292929292929000000000282828282828282828282828282828282828000000000002626262626262626262626262626262626262626000000000000000000000000000000000000000000027272727272727272727272727272727272727000000000000000000000000000313131313100000000313131313131000000000000000000000000000000000003030303030303030303030303000000000000000000000000000
292929292929292929292929292929292900000000028282828282828282828282828282828000000000000026262626262626262626262626262626262626000000000000000000000000000000000000000000027272727272727272727272727272727270000000000000000000000000003131313131313131313100313131313131313131313131313100000000000000000000000000000030303030303030303030303030300000000000000000000000000
29292929292929292929292929292929290000000002828282828282828282828282828282800000000000002626262626262626262626262626262626262600000000000000000000000000000000000000000000272727272727272727272727272727000000000000000000000000000313131313131313131313131313131313131313131313131313131313100000000000000000000000000030303030303030303030303030303030000000000000000000000000
292929292929292929292929292929292900000000002828282828282828282828282828280000000000000026262626262626262626262626262626260000000000000000000000000000000000000000000002727272727272727272727272727000000000000000000000000000313131313131313131313131313131313131313131313131313131313131000000000000000000000000003030303030303030303030303030303030000000000000000000000000
2929292929292929292929292929292929000000000028282828282828282828282828280000000000000000262626262626262626262626262626260000000000000000000000000000000000000000000000272727272727272727272727000000000000000000000000000313131313131313131313131313131313131313131313131313131313131313100000000000000000000000003030303030303030303030303030303030000000000000000000000000
29292929292929292929292929292929290000000000028282828282828282828282800000000000000000002626262626262626262626262600000000000000000000000000000000000000000000000272727272727272727272700000000000000000000000000003131313131313131313131313131313131313131313131313131313131313131000000000000000000000000303030303030303030303030303030303030000000000000000000000000
2929292929292929292929292929292929290000000000028282828282828282828000000000000000000002626262626262626262626260000000000000000000000000000000000000000000000000027272727272727270000000000000000000000000000031313131313131313131313131313131313131313131313131313131313131313100000000000000000000000303030303030303030303030303030303030000000000000000000000000
292929292929292929292929292929292929000000000000282828282828280000000000000000000000026262626262626262626000000000000000000000000000000000000000000000000000000272727000000000000000000000000000000031313131313131313131313131313131313131313131313131313131313131313100000000000000000000000303030303030303030303030303030303030000000000000000000000333333
292929292929292929292929292929292929000000000000000000000000000000000000000000000002626000000000000000000000000000000000000000000000000000000000000000000000000000000000000000000031313131313131313131313131313131313131313131313131313131313131313100000000000000000000003030303030303030303030303030303030303000000000000000000003333333333
292929292929292929292929292929292929290000000000000000000000000000000000000000000000000000000000000000000000000000000000000000000000000000000000000000000000000000000000000000000313131313131313131313131313131313131313131313131313131313131313131000000000000000000000030303030303030303030303030303030303030000000000000000000333333333333
292929292929292929292929292929292929290000000000000000000000000000000000000000000000000000000000000000000000000000000000000000000000000000000000000000000000000000000000000000000313131313131313131313131313131313131313131313131313131313131313131000000000000000000000003030303030303030303030303030303030300000000000000000033333333333333
2929292929292929292929292929292929292900000000000000000000000000000000000000000000000000000000000000000000000000000000000000000000000000000000000000000000000000000000000000000031313131313131313131313131313131313131313131313131313131313131313131000000000000000000000003030303030303030303030303030303030000000000000000003333333333333333
2929292929292929292929292929292929292900000000000000000000000000000000000000000000000000000000000000000000000000000000000000000000000000000000000000000000000000000000000000000031313131313131313131313131313131313131313131313131313131313131313131000000000000000000000000303030303030303030303030303030300000000000000000333333333333333333
2929292929292929292929292929292929292900000000000000000000000000000000000000000000000000000000000000000000000000000000000000000000000000000000000000000000000000000000000000000031313131313131313131313131313131313131313131313131313131313131313131000000000000000000000000303030303030303030303030303030000000000000000033333333333333333333
2929292929292929292929292929292929292900000000000000000000000000000000000000000000000000000000000000000000000000000000343434343434000000000000000000000000000000000000000000000000000031313131313131313131313131313131313131313131313131313131313131313131000000000000000000000000030303030303030303030303000000000000000000033333333333333333333
292929292929292929292929292929292929290000000000000000000000000000000000000000000000000000000000000000000000000000034343434343434343434343400000000000000000000000000000000000000000000000000313131313131313131313131313131313131313131313131313131313131313131000000000000000000000000003030303030303030303030000000000000000003333333333333333333333
292929292929292929292929292929292929000000000000000000000000000000000000000000000000000000000000000000000000000003434343434343434343434343434340000000000000000000000000000000000000000000000000313131313131313131313131313131313131313131313131313131313131313100000000000000000000000000003030303030303000000000000000000003333333333333333333333
292929292929292929292929292929292929000000000000000000000000000000000000000000000000000000000000000000000000000034343434343434343434343434343434343400000000000000000000000000000000000000000000000031313131313131313131313131313131313131313131313131313131313100000000000000000000000000000000000000000000000000000003333333333333333333333
29292929292929292929292929292929292900000000000000000000000000000000000000000000000000000000000000000000000000034343434343434343434343434343434343434340000000000000000000000000000000000000000000000000031313131313131313131313131313131313131313131313131313100000000000000000000000000000000000000000000000000000003333333333333333333333
2929292929292929292929292929292929000000000000000000000000000000000000000000000000000000000000000000000000000034343434343434343434343434343434343434343400000000000000000000000000000000000000000000000000000000313131313131313131313131313131313131313100000000000000000000000000000000000000000000000000000003333333333333333333333
292929292929292929292929292929290000000000000000000000353535000000000000000000000000000000000000000000000000000343434343434343434343434343434343434343434340000000000000000000000000000000000000000000000000000000000313131313131313131313131313131313100000000000000000000000000000000000000000000000000000000033333333333333333333
292929292929292929292929292929000000000000000000035353535353535353535000000000000000000000000000000000000000000000000343434343434343434343434343434343434343434343400000000000000000036363636000000000000000000000000000000000000313131313131313131313131313131000000000000000000000000000000000000000000000000000000000033333333333333333333
2929292929292929292929292929000000000000000000353535353535353535353535353500000000000000000000000000000000000000000000003434343434343434343434343434343434343434343434000000000000003636363636363636360000000000000000000000000000000000003131313131313131313131313131000000000000000000000000000000000000000000000000000000000033333333333333333333
292929292929292929292929000000000000000000035353535353535353535353535353535000000000000000000000000000000000000000000000343434343434343434343434343434343434343434343400000000000003636363636363636363600000000000000000000000000000000000003131313131313131313131310000000000000000000000000000000000000000000000000000000000033333333333333333333
02929292929292929290000000000000000000035353535353535353535353535353535350000000000000000000000000000000000038383838000000343434343434343434343434343434343434343434343400000000000036363636363636363636360000000000000000000000000000000000000003131313131313131310000000000000000000000000000000000000000000000000000000000000333333333333333333
000292929292929000000000000000000003535353535353535353535353535353535353500000000000000000000000000000000003838383800000034343434343434343434343434343434343434343434340000000000363636363636363636363636360000000000000000000000000000000000000000313131313131310000000000000000000000000000000000000000000000000000000000000003333333333333333
00000000000000000000000000000353535353535353535353535353535353535350000000000000000000000000000000000383838380000003434343434343434343434343434343434343434343434000000000363636363636363636363636363600000000000000000004040404040000000000000000000000000000000000000000000000000000000000000000000000000000000000000000003333333333
00000000000000000000000000003535353535353535353535353535353535353535000000000000414141414100000000000000000038380000000343434343434343434343434343434343434343434343400000000036363636363636363636363636363600000000000000004040404040404040000000000000000000000000000000000000000000000000000000424242424242424242424242000000000000000000000000000
000000000000000000000000000035353535353535353535353535353535353535350000000000414141414141414141000000000000000000000000003434343434343434343434343434343434343434340000000003636363636363636363636363636363636000000000000040404040404040404040404000000000000000000000000000000000000000000000000000424242424242424242424242424242420000000000000000000000000
0000000000000000000000000003535353535353535353535353535353535353535353500000000414141414141414141414100000000000000000000000000343434343434343434343434343434343434343400000000036363636363636363636363636363636360000000000000404040404040404040404040404000000000000000000000000000000000000000000000000424242424242424242424242424242424242000000000000000000000000
000000000000000000000000003535353535353535353535353535353535353535353535000000004141414141414141414141410000000000000000000000000034343434343434343434343434343434340000000000036363636363636363636363636363636360000000000004040404040404040404040404040404000000000000000000000000000000000000000000000004242424242424242424242424242424242424200000000000000000000000
00000000000000000000000000353535353535353535353535353535353535353535353500000000414141414141414141414141410000000000000000000000000034343434343434343434343434343400000000000036363636363636363636363636363636360000000000004040404040404040404040404040404000000000000000000000000000000000000000000000042424242424242424242424242424242424242424242000000000000000000000
0000000000000000000000000353535353535353535353535353535353535353535353535000000004141414141414141414141414100000000000000000000000000003434343434343434343434000000000000003636363636363636363636363636363636000000000004040404040404040404040404040404040000000000000000000000000000000000000000000000424242424242424242424242424242424242424242424200000000000000000000
0000000000000000000000000353535353535353535353535353535353535353535353535000000041414141414141414141414141410000000000000000000000000000000343400000000000000000000363636363636363636363636363636363600000000000404040404040404040404040404040404000000000000000000000000000000000000000000000424242424242424242424242424242424242424242424242420000000000000000000
0000000000000000000000000353535353535353535353535353535353535353535353535000000041414141414141414141414141414100000000000000000000000000000000000000000000000000003636363636363636363636363636363636000000000004040404040404040404040404040404040000000000000000000000000000000000000000000004242424242424242424242424242424242424242424242424242000000000000000000
000000000000000000000000035353535353535353535353535353535353535353535353500000004141414141414141414141414141410000000000000000000000000000000000000000000000000000363636363636363636363636363636363600000000000404040404040404040404040404040404000000000000000000000000000000000000000000004242424242424242424242424242424242424242424242424242420000000000000043000
0000000000000000000000000353535353535353535353535353535353535353535353535000000041414141414141414141414141414100000000000000000000000000000000000000000000000000003636363636363636363636363636363636000000000004040404040404040404040404040404040000000000000000000000000000000000000000000042424242424242424242424242424242424242424242424242424200000000000004343434343
00000000000000000000000003535353535353535353535353535353535353535353535350000000414141414141414141414141414100000000000000000000000000000000000000000000000000000363636363636363636363636363636360000000000004040404040404040404040404040404040400000000000000000000000000000000000000000004242424242424242424242424242424242424242424242424242424200000000000434343434343
00000000000000000000000003535353535353535353535353535353535353535353535350000000414141414141414141414141414100000000000000000000000000000000000000000000000000000363636363636363636363636363636360000000000004040404040404040404040404040404040400000000000000000000000000000000000000000004242424242424242424242424242424242424242424242424242424200000000000434343434343
00000000000000000000000003535353535353535353535353535353535353535353535350000000041414141414141414141414141000000000000000000000000000000000000000000000000000003636363636363636363636363636360000000000000040404040404040404040404040404040404040000000000000000000000000000000000000000042424242424242424242424242424242424242424242424242424242000000000004343434300
000000000000000000000000003535353535353535353535353535353535353535353500000000004141414141414141414141000000000000000000000000000000000000000000000000000000363636363636363636363636363636000000000000004040404040404040404040404040404040404040404000000000000000000000000000000000000004242424242424242424242424242424242424242424242424242424200000000000000000
000000044440000000000000000035353535353535353535353535353535353535353535000000000041414141414141414141000000000000000000000000000000000000000000000000000000363636363636363636363636363636000000000000000040404040404040404040404040404040404040404040404000000000000000000000000000000000004242424242424242424242424242424242424242424242424242424200000000000000000
00000444444444444000000000000000035353535353535353535353535353535353535350000000000004141414141414100000000000000000000000000000000000000000000000000000000363636363636363636363636363600000000000000000404040404040404040404040404040404040404040404040400000000000000000000000000000000004242424242424242424242424242424242424242424242424242424200000000000000000
0000444444444444444400000000000000003535353535353535353535353535353535350000000000000041414141000000000000000000000000000000000000000000000000000000003636363636363636363636363636363600000000000000000040404040404040404040404040404040404040404040404040000000000000000000000000000000004242424242424242424242424242424242424242424242424242424200000000000000000
0004444444444444444444444000000000000000353535353535353535353535353535353500000000000000000000000000000000000000000000000000000000000000000000000003636363636363636363636363636360000000000000000000000404040404040404040404040404040404040404040404000000000000000000000000000000000424242424242424242424242424242424242424242424242424242000000000000000000
00444444444444444444444444440000000000000003535353535353535353535353535350000000000000000000000000000000000000000000000000000000000000000000000003636363636363636363636363636363600000000000000000000000404040404040404040404040404040404040404040404000000000000000000000000000000000424242424242424242424242424242424242424242424242424242000000000000000000
044444444444444444444444444444400000000000000000353535353535353535353500000000000000000000000000000000000000000000000000000000000000000000000036363636363636363636363636363636000000000000000000000000040404040404040404040404040404040404040404040000000000000000000000000000000000424242424242424242424242424242424242424242424242420000000000000000000
44444444444444444444444444444444000000000000000003535353535353535353500000000000000000000000000000000000000000000000000000000000000000000000036363636363636363636363636363636000000000000000000000000004040404040404040404040404040404040404040404000000000000000000000000000000000042424242424242424242424242424242424242424242424200000000000000000000
4444444444444444444444444444444400000000000000000035353535353535000000000000000000000000000000000000000000000000000000000000000000000000036363636363636363636363636363636360000000000000000000000000004040404040404040404040404040404040404040404000000000000000000000000000000000042424242424242424242424242424242424242424242000000000000000000000
44444444444444444444444444444444000000000000000000035353535350000000000000000000000000000000000000000000000000454545454545454545000000000000000036363636363636363636363636363636360000000000000000000000000004040404040404040404040404040404040404040404000000000000000000000000000000000004242424242424242424242424242424242424242000000000000000004646464646
444444444444444444444444444444440000000000000000000000000000000000000000000000000474747474747470000000000000000454545454545454545454500000000000000363636363636363636363636363636363636000000000000000000000000000040404040404040404040404040404040404040404000000000000000000000000000000000000424242424242424242424242424242424242000000000000000046464646464646
4444444444444444444444444444444400000000000000000000000000000000000000000000000474747474747474747470000000000000045454545454545454545454500000000000000363636363636363636363636363636363600000000000000000000000000000404040404040404040404040404040404040404040000000000000000000000000000000000000424242424242424242424242424242000000000000000004646464646464646
4444444444444444444444444444444400000000000000000000000000000000000000000000004747474747474747474747470000000000004545454545454545454545454545000000000000036363636363636363636363636363636360000000000000000000000000000040404040404040404040404040404040404040404000000000000000000000000000000000000000000000042424242000000000000000000464646464646464646
4444444444444444444444444444444400000000000000000000000000000000000000000000047474747474747474747474747000000000004545454545454545454545454545454500000000000036363636363636363636363636363636360000000000000000000000000000040404040404040404040404040404040404040404000000000000000000000000000000000000000000000000000000000000000000046464646464646464646
44444444444444444444444444444444000000000000000000000000000000000000000000000474747474747474747474747474700000000004545454545454545454545454545454500000000000036363636363636363636363636363636360000000000000000000000000000004040404040404040404040404040404040404040000000000000000000000000000000000000000000000000000000000000000004646464646464646464646
4444444444444444444444444444440000000000000000000000000000000000000000000004747474747474747474747474747470000000004545454545454545454545454545454545450000000000036363636363636363636363636363636000000000000000000000000000000040404040404040404040404040404040404040400000000000000000000000000000000000000000000000000000000000000000464646464646464646464646
444444444444444444444444444444000000000000000000000000000000000000000000000474747474747474747474747474747000000000454545454545454545454545454545454545000000000003636363636363636363636363636363600000000000000000000000000000004040404040404040404040404040404040404000000000000000000000000000000000000000000000000000000000000000000464646464646464646464646
444444444444444444444444444400000000000000000000000000000000000000000000004747474747474747474747474747470000000004545454545454545454545454545454545450000000000036363636363636363636363636363600000000000000000000000000000000040404040404040404040404040404040400000000000000000000000000000000000000000000000000000000000000000046464646464646464646464646
44444444444444444444444444000000000000000000000000000000000000000000000047474747474747474747474747474747000000000454545454545454545454545454545454545000000000000363636363636363636363636363600000000000000000000000000000000040404040404040404040404040404040000000000000000000000000000000000000000000000000000000000000000004646464646464646464646464646
0444444444444444444444400000000000000000000000000000000000000000000000474747474747474747474747474747470000000045454545454545454545454545454545454545000000000000363636363636363636363636360000000000000000000000000000000000040404040404040404040404040000000000000000000000000000000000000000000000000000000000000000000464646464646464646464646464646
004444444444444444440000000000000000000000000000000000000000000000004747474747474747474747474747474700000000454545454545454545454545454545454545000000000000000363636363636363636360000000000000000000000000000000000000040404040404040400000000000000000000000000000000000000000000000000000000000000000000046464646464646464646464646464646
0044444444444444440000000000000000000000000000000000000000000000000474747474747474747474747474747470000000045454545454545454545454545454545454500000000000000003636363636363600000000000000000000000000000000000000000040404000000000000000000004848484848000000000000000000000000000000000000000000000464646464646464646464646464646464646
00000000000000000000000000000000000000000000000000000000000474747474747474747474747474747000000004545454545454545454545454545454545454500000000000000000000000000000000000000000000000000000000000000000000000000000000000004848484848484848000000000000000000000000000000000000000000046464646464646464646464646464646464646
00000000000000000000000000000000000000000000000000000000000047474747474747474747474747470000000045454545454545454545454545454545454545000000000000000000000000000000000000000000000000000000000000000000000000000000000004848484848484848484848000000000000000000000000000000000000000004646464646464646464646464646464646464646
0000000000000000000000000000000000000000000000000000000000000474747474747474747474747470000000045454545454545454545454545454545454545000000000000000000000000000000000000049494949494949000000000000000000000000000000000000004848484848484848484848480000000000000000000000000000000000000000464646464646464646464646464646464646464646
000000000000000000000000000000000000000000000000000000000000004747474747474747474747000000000045454545454545454545454545454545454500000000000000000000000000000000049494949494949494949494900000000000000000000000000000000000004848484848484848484848480000000000000000000000000000000000000000464646464646464646464646464646464646464646
00000000000000000000000000000000000000000000000000000000000000047474747474747474700000000000454545454545454545454545454545454545000000000000000000000000000000049494949494949494949494949494900000000000000000000000000000000000048484848484848484848484800000000000000000000000000000000000000046464646464646464646464646464646464646464646
000000000000000000000000000000000000000000000000000000000000000474747474747474700000000000045454545454545454545454545454545450000000000000000000000000000000494949494949494949494949494949494900000000000000000000000000000000004848484848484848484848484800000000000000000000000000000000000000046464646464646464646464646464646464646464646
0000000000000000000000000000000000000000000000000000000000000000047474747000000000000004545454545454545454545454545454545000000000000000000000000000000494949494949494949494949494949494949000000000000000000000000000000000048484848484848484848484848000000000000000000000000000000000000004646464646464646464646464646464646464646464646
0000000000000005151515151515151000000000000000000000000000000000000000000000000000000000000454545454545454545454545454545454500000000000000000000000000000494949494949494949494949494949494949490000000000000000000000000000000000484848484848484848484848480000000000000000000520000000000000000004646464646464646464646464646464646464646464646
000000000000515151515151515151515151000000000000000000000000000000000000000000000000000000000004545454545454545454545454545454500000000000000000000000000000049494949494949494949494949494949494949000000000000000000000000000000000048484848484848484848484800000000000000000052525252525252000000000000004646464646464646464646464646464646464646464646
00000000000515151515151515151515151515100000000000000000000000000000000000000000000000000000000045454545454545454545454545454545450000000000000000000000000000049494949494949494949494949494949494949490000000000000000000000000000000000484848484848484848484848000000000000000052525252525252525252520000000000004646464646464646464646464646464646464646464646
000000000005151515151515151515151515151000000000000000000535353535300000000000000000000000000000000004545454545454545454545454545454545000000000000000000000000000049494949494949494949494949494949494949494900000000000000000000000000000000004848484848484848484848480000000000000005252525252525252525252520000000000000464646464646464646464646464646464646464600
00000000005151515151515151515151515151515100000000000000535353535353535353000000000000000000000000000000004545454545454545454545454545454545450000000000000000000000000004949494949494949494949494949494949494949494900000000000000000000000000000000000484848484848484848484800000000000000525252525252525252525252525200000000000046464646464646464646464646464646464646000
000000000515151515151515151515151515151515100000000000005353535353535353535353000000000000000000000000000000045454545454545454545454545454545454545000000000000000000000000004949494949494949494949494949494949494949494900000000000000000000000000000000000048484848484848484800000000000000525252525252525252525252525252000000000000464646464646464646464646464646464600000
000000005151515151515151515151515151515151515100000000005353535353535353535353535353000000000000000000000000000004545454545454545454545454545454545454545000000000000000000000000049494949494949494949494949494949494949494949490000000000000000000000000000000000004848484848484848000000000000005252525252525252525252525252525200000000000046464646464646464646464646464646000000
00000000515151515151515151515151515151515151510000000005353535353535353535353535353535300000000000000000000000000004545454545454545454545454545454545454545000000000000000000000000049494949494949494949494949494949494949494949490000000000000000000000000000000000000048484848000000000000000052525252525252525252525252525252000000000000046464646464646464646464646460000000
00000005151515151515151515151515151515151515151000000000535353535353535353535353535353535300000000000000000000000000454545454545454545454545454545454545454545000000000000000000000000049494949494949494949494949494949494949494949490000000000000000000000000000000000000000000000000000000000525252525252525252525252525252520000000000000046464646464646464646464600000000
000000051515151515151515151515151515151515151515100000000535353535353535353535353535353535300000000000000000000000004545454545454545454545454545454545454545454500000000000000000000000004949494949494949494949494949494949494949494949000000000000000000000000000000000000000000000000000000000052525252525252525252525252525252000000000000000046464646464646460000000000
00000005151515151515151515151515151515151515151000000005353535353535353535353535353535353530000000000000000000000000454545454545454545454545454545454545454545450000000000000000000000000494949494949494949494949494949494949494949490000000000000000000000000000555555555555555555550000000000000000000052525252525252525252525252525252520000000000000000000000000000000000
000000515151515151515151515151515151515151515151000000005353535353535353535353535353535353535300000000000000000000000045454545454545454545454545454545454545454545000000000000000000000000049494949494949494949494949494949494949494900000000000000000000000000055555555555555555555555555000000000000000000052525252525252525252525252525252520000000000000000000000000000000000
00000051515151515151515151515151515151515151515100000000535353535353535353535353535353535353530000000000000000000000045454545454545454545454545454545454545454545000000000000000000000000004949494949494949494949494949494949494949490000000000000000000000000055555555555555555555555555555555000000000000000000525252525252525252525252525252520000000000000000000000000000000000
0000005151515151515151515151515151515151515151510000000053535353535353535353535353535353535353000000000000000000000004545454545454545454545454545454545454545454500000000000000000000000000049494949494949494949494949494949494900000000000000000000000000055555555555555555555555555555555550000000000000000000525252525252525252525252525200000000000000000000000000000000000
000000515151515151515151515151515151515151515151000000005353535353535353535353535353535353535300000000000000000000004545454545454545454545454545454545454545454545000000000000000000000000000494949494949494949494949494949494900000000000000000000000000055555555555555555555555555555555555555000000000000000000525252525252525252525252525200000000000000000000000000000000000
00000051515151515151515151515151515151515151510000000005353535353535353535353535353535353535300000000000000000000004545454545454545454545454545454545454545454500000000000000000000000000000494949494949494949494949490000000000000000000000000000055555555555555555555555555555555555555555500000000000000000525252525252525252525252525200000000000000000000000000000000000
000005151515151515151515151515151515151515151510000000000535353535353535353535353535353535353000000000000000000000454545454545454545454545454545454545454545454500000000000000000000000000000494949494949494949494900000000000000000000000000000005555555555555555555555555555555555555555555500000000000000000525252525252525252525252000000000000000000000000000000000000
00000515151515151515151515151515151515151515151000000000053535353535353535353535353535353535300000000000000000000045454545454545454545454545454545454545454545450000000000000000000000000000000494949494949000000000000000000000000000000000555555555555555555555555555555555555555555555500000000000000000052525252525252525252000000000000056565656565656560000000000000000
000000515151515151515151515151515151515151510000000000053535353535353535353535353535353535300000000000000000000045454545454545454545454545454545454545454545450000000000000000000000000000000000000000000000000000000000000000000000555555555555555555555555555555555555555555555555000000000000000000005252525252520000000000005656565656565656565656000000000000000
0000005151515151515151515151515151515151515100000000000535353535353535353535353535353535353000000000000000000000454545454545454545454545454545454545454545454500000000000000000000000000000000000000000000000000000000000000000000055555555555555555555555555555555555555555555555555000000000000000000000000000000000000565656565656565656565656565600000000000000
00000005151515151515151515151515151515151000000000000535353535353535353535353535353535353000000000000000000000454545454545454545454545454545454545454545450000000000000000000000000000000000000000000000000000000000000000000000555555555555555555555555555555555555555555555555550000000000000000000000000000000000056565656565656565656565656565600000000000000
000000051515151515151515151515151515100000000000000535353535353535353535353535353535300000000000000000000000454545454545454545454545454545454545454545000000000000000000000000000000000000000000000000000000000000000000000055555555555555555555555555555555555555555555555555000000000000000000000000000000000056565656565656565656565656565656560000000000000
00000000051515151515151515151515100000000000000005353535353535353535353535353535300000000000000000000000454545454545454545454545454545454545454500000000000000000000000000000000000000000000000000000000000000000000000555555555555555555555555555555555555555555555555550000000000000000000000000000000005656565656565656565656565656565656560000000000000
0000000000000515151515151510000000000000000005353535353535353535353535353000000000000000000000000045454545454545454545454545454545454545000000000000000000000000000000000000000000000000000000000000000000000005555555555555555555555555555555555555555555555555500000000000000000000000000000000565656565656565656565656565656565656560000000000000
00000000000000000000000000000000000000535353535353535353535353535300000000000000000000000004545454545454545454545454545454545450000000000000000000000000000000000000000000000000000000000000000000000005555555555555555555555555555555555555555555555555555000000000000000000000000000000565656565656565656565656565656565656565656000000000000
00000000000000000000000000000000000000535353535353535353535353530000000000000000000000000004545454545454545454545454545454500000000000000000000000000000000000000000000000000000000000000000000000005555555555555555555555555555555555555555555555555555000000000000000000000000000000565656565656565656565656565656565656565656000000000000
000000000000000000000000000000000000000535353535353535353535300000000000000000000000000004545454545454545454545454545450000000000000000000000000000000000000000000000000000000000000000000000000055555555555555555555555555555555555555555555555555555500000000000000000000000000000565656565656565656565656565656565656565656000000000000
00000000000000000000000000000000000000000000000000000000000000000000000000000004545454545454545454545454500000000000000000000000000000000000000000000000000000000000000000000000000055555555555555555555555555555555555555555555555555555500000000000000000000000000000565656565656565656565656565656565656565656000000000000
0000000000000000000000000000000000000000000000000000000000000000000000000000000045454545454545454545450000000000000000000000000000000000000575757575757570000000000000000000000000000000055555555555555555555555555555555555555555555555555555500000000000000000000000000000565656565656565656565656565656565656565656000000000000
00000000000000000000000000000000000000000000000000000000000000000000000000000000000454545000000000000000000000000000000000000057575757575757575757575757575700000000000000000000000000000555555555555555555555555555555555555555555555555555555000000000000000000000000000056565656565656565656565656565656565656565656000000000000
000000000000000000000000000000000000000000000000000000000000000000000000000000000000000000000000000000000000000000000000057575757575757575757575757575757575757000000000000000000000000000555555555555555555555555555555555555555555555555555555000000000000000000000000000056565656565656565656565656565656565656565656000000000000
0000000000000000000000000000000000000000000000000000000000000000000000000000000000000000000000000000000000000000000000005757575757575757575757575757575757575757575700000000000000000000000005555555555555555555555555555555555555555555555555555000000000000000000000000000000565656565656565656565656565656565656565656000000000000
0000000000000000000000000000000000000000000000000000000000000000000000000000000000000000000000000000000000000000000000057575757575757575757575757575757575757575757575700000000000000000000000055555555555555555555555555555555555555555555555555000000000000000000000000000000056565656565656565656565656565656565656560000000000000
0000000000000000000000000000000000000000000000000000000000000000000000000000000000000000000000000000000000000000000000057575757575757575757575757575757575757575757575700000000000000000000000055555555555555555555555555555555555555555555555555000000000000000000000000000000056565656565656565656565656565656565656560000000000000
00000000000000000000000000000000000000000000000000000000000000000000000000000000000000000000000000000000000000000000005757575757575757575757575757575757575757575757575757000000000000000000000000555555555555555555555555555555555555555555555500000000000000000000000000000000056565656565656565656565656565656565600000000000000
0000000000000000000000000000000000000000000000000000000000000000000000000000000000000000000000000000000000000000000000575757575757575757575757575757575757575757575757575700000000000000000000000005555555555555555555555555555555555555555550000000000000000000000000000000000565656565656565656565656565656565600000000000005959
000000000000000000000000000000000000000000000000000000000000000000000000000000000000000000000000000000000000000000000575757575757575757575757575757575757575757575757575757000000000000000000000000055555555555555555555555555555555555555555500000000000000000000000000000000000565656565656565656565656565656000000000000005959
0000000000000000000000000000000000000000000000000000000000000000000000000000000000000000000000000000000000000000000005757575757575757575757575757575757575757575757575757570000000000000000000000000055555555555555555555555555555555555555000000000000000000000000000000000000005656565656565656565656000000000000000595959
00000000000000000000000000000000000000000000000000000000000000000000000000000000000000000000000000000000000000000000057575757575757575757575757575757575757575757575757575700000000000000000000000000000555555555555555555555555555555000000000000000006060606000000000000000000005656565656560000000000000000000595959
000000000000000000000000000000000000000000000000000000000000000000000000000000000000000000000000000000000000000000000575757575757575757575757575757575757575757575757575757000000000000000000000000000000000000000000000000000000000000606060606060600000000000000000000000000000000000000000059595959
000000000000000000000000000000000000000000000000000000000000000000000000000000000000000000000000000000000000000000000575757575757575757575757575757575757575757575757575757000000000000000000000000000000000000000000000000000000000006060606060606060600000000000000000000000000000000000000005959595959
0000000000000000000000000000000000000000000000000000000000000000000000000000000000000000000000000000000000000000000005757575757575757575757575757575757575757575757575757570000000000000000000000000000000000000000000000000000000000606060606060606060600000000000000000000000000000000000000005959595959
000000000000000000000616161616100000000000000000000000000000000000000000000000000000000000000000000000006262626200000000000000575757575757575757575757575757575757575757575757575757000000000000000000000000000000000000000000000000000000000606060606060606060606060000000000000000000000000000000000000005959595959
00000000000000000006161616161616161610000000000000000000000000000000000000000000000000000000000000000000006262626262626200000000000005757575757575757575757575757575757575757575757575757570000000000000000000000000000000000000000000000000000000006060606060606060606060600000000000000000000000000000000000000595959595959
00000000000000000061616161616161616161610000000000000000000000000000000000000000000000000000000000000000062626262626262626262626200000000000057575757575757575757575757575757575757575757575757570000000000000000000000000000000000000000000000000000000060606060606060606060606060000000000000000000000000000000000000005959595959
000000000000000000616161616161616161616100000000000000000000000000000000000000000000000000000000000000062626262626262626262626262626200000000000057575757575757575757575757575757575757575757575700000000000000000000000000000000000000000000000000000000060606060606060606060606060000000000000000000000000000000000000005959595959
0000000000000000061616161616161616161616161000000000000000000000000000000646464646400000000000000000000000000626262626262626262626262626262626262000000000057575757575757575757575757575757575757575757575700000000000000000000000000000000000000000000000000000000060606060606060606060606060000000000000000000000000000000000000005959595959
0000000000000000061616161616161616161616161000000000000000000000000006464646464646464646400000000000000000000000006262626262626262626262626262626262626200000000005757575757575757575757575757575757575757575700000000000000000000000000000000000000000000000000000000006060606060606060606060600000000000000000000000000000000000000005959595959
0000000000000000061616161616161616161616161610000000000000000000000006464646464646464646464646400000000000000000000006262626262626262626262626262626262626262620000000005757575757575757575757575757575757575757575700000000000000000000000000000000000000000000000000000000006060606060606060606060600000000000000000000000000000000000000005959595959
00000000000000000616161616161616161616161616100000000000000000000000646464646464646464646464646464000000000000000000000626262626262626262626262626262626262626262620000000005757575757575757575757575757575757575757570000000000000000000000000000000000000000000000000000000000606060606060606060606060000000000000000000000000000000000000000059595959
00000000000000000616161616161616161616161616161000000000000000000000646464646464646464646464646464646400000000000000000006262626262626262626262626262626262626262626262620000000057575757575757575757575757575757575757570000000000000000000000000000000000000000000000000000000000060606060606060606060606000000000000000000000000000000000000000000595959
000000000000000006161616161616161616161616161610000000000000000000064646464646464646464646464646464646464000000000000000000626262626262626262626262626262626262626262626262620000000057575757575757575757575757575757575700000000000000000000000000000000000000000000000000000000000006060606060606060606000000000000000000000000000000000000000000005959
00000000000000000616161616161616161616161616161610000000000000000000646464646464646464646464646464646464640000000000000000006262626262626262626262626262626262626262626262626262000000000575757575757575757575757575757000000000000000000000000000000000000000000000000000000000000006060606060606060600000000000000000000000000000000000000000000000
0000000000000000061616161616161616161616161616161610000000000000000064646464646464646464646464646464646464646400000000000000000626262626262626262626262626262626262626262626262626200000000000000575757575757570000000000000000000000000000000000000000000000000000000000000000006060606060606000000000000000000000000000000000000000000000000
000000000000000000616161616161616161616161616161610000000000000000064646464646464646464646464646464646464646464000000000000000062626262626262626262626262626262626262626262626262626200000000000000000000000000000000000000000000000000000000000000000000000000000000000000006060600000000000000000000000000000000000000000000000000
000000000000000000616161616161616161616161616161610000000000000000064646464646464646464646464646464646464646464000000000000000062626262626262626262626262626262626262626262626262626200000000000000000000000000000000000000000000000000000000000000000000000000000000000000000000000000000000000000000000000000000000000000000000
65000000000000000006161616161616161616161616161616100000000000000000646464646464646464646464646464646464646464646400000000000000062626262626262626262626262626262626262626262626262626200000000000000000000000000000000000000000000000000000000000000000000000000000000000000000000000000000000000000000000000000000000000000000000
6565656500000000000000616161616161616161616161616161000000000000000000646464646464646464646464646464646464646464646400000000000000006262626262626262626262626262626262626262626262626262620000000000000000000000000000000000000000000000000000000000000000000000000000000000000000000000000000000000000000000066666600000000000000000000
6565656565000000000000061616161616161616161616161616161000000000000000006464646464646464646464646464646464646464646464000000000000000062626262626262626262626262626262626262626262626262626200000000000000000000000000000000000000000000000000000000000000000000000000000000000000000000000000000000000000000666666666666666666660000000000000000
65656565656500000000000061616161616161616161616161616161000000000000000006464646464646464646464646464646464646464646464000000000000000006262626262626262626262626262626262626262626262626262000000000000000000000000000000000000000000000000000000000000000000000000000000000000000000000000000000000000000666666666666666666666666666600000000000000
65656565656565000000000006161616161616161616161616161616161616100000000000000646464646464646464646464646464646464646464646400000000000000000626262626262626262626262626262626262626262626262626262000000000000000000000000000000000000000000000000006868686868686868000000000000000000000000000000000000000000000000000666666666666666666666666666666660000000000000
65656565656565650000000000616161616161616161616161616161616161610000000000000064646464646464646464646464646464646464646464640000000000000000006262626262626262626262626262626262626262626262626262000000000000000000000000000000000000000000000000686868686868686868686868686868000000000000000000000000000000000000000000000666666666666666666666666666666666666000000000000
65656565656565650000000000616161616161616161616161616161616161610000000000000064646464646464646464646464646464646464646464640000000000000000000626262626262626262626262626262626262626262626262620000000000000000000000000000000000000000000000068686868686868686868686868686868686868686868686868680000000000000000000000000000000006666666666666666666666666666666666666666000000000000
656565656565656565000000000061616161616161616161616161616161616100000000000000646464646464646464646464646464646464646464646400000000000000000000626262626262626262626262626262626262626262626200000000000000000000000000000000000000000000000686868686868686868686868686868686868686868686868686868686868000000000000000000000000000006666666666666666666666666666666666666666666600000000000
6565656565656565650000000000616161616161616161616161616161616161000000000000000646464646464646464646464646464646464646464640000000000000000000006262626262626262626262626262626262626262626200000000000000000000000000000000000000000000006868686868686868686868686868686868686868686868686868686868686868000000000000000000000000000066666666666666666666666666666666666666666666660000000000
65656565656565656500000000000616161616161616161616161616161616100000000000000064646464646464646464646464646464646464646464000000000000000000000626262626262626262626262626262626262626262000000000000000000000000000000000000000000000068686868686868686868686868686868686868686868686868686868686868686868000000000000000000000000006666666666666666666666666666666666666666666666660000000000
6565656565656565656500000000000616161616161616161616161616161610000000000000000646464646464646464646464646464646464646464000000000000000000000062626262626262626262626262626262626262620000000000000000000069696969690000000000000000000006868686868686868686868686868686868686868686868686868686868686868686868686800000000000000000000006666666666666666666666666666666666666666666666666666000000000
6565656565656565656500000000000061616161616161616161616161616100000000000000006464646464646464646464646464646464646464000000000000000000000000626262626262626262626262626262626262000000000000000000069696969696969690000000000000000000068686868686868686868686868686868686868686868686868686868686868686868686868680000000000000000000006666666666666666666666666666666666666666666666666666000000000
65656565656565656565000000000000616161616161616161616161616161000000000000000006464646464646464646464646464646464646400000000000000000000000062626262626262626262626262626262620000000000000000000696969696969696969696900000000000000000686868686868686868686868686868686868686868686868686868686868686868686868686868680000000000000000000066666666666666666666666666666666666666666666666666666600000000
65656565656565656565650000000000061616161616161616161616161616100000000000000000064646464646464646464646464646464646400000000000000000000000000626262626262626262626262626200000000000000000006969696969696969696969696900000000000000006868686868686868686868686868686868686868686868686868686868686868686868686868686868000000000000000000066666666666666666666666666666666666666666666666666666600000000
65656565656565656565650000000000061616161616161616161616161610000000000000000000064646464646464646464646464646464000000000000000000000000000062626262626262626262626200000000000000000006969696969696969696969696969690000000000000006868686868686868686868686868686868686868686868686868686868686868686868686868686868000000000000000000066666666666666666666666666666666666666666666666666666600000000
65656565656565656565650000000000061616161616161616161616161000000000000000000000646464646464646464646464646464640000000000000000000000000000000626262626262620000000000000000000006969696969696969696969696969690000000000000006868686868686868686868686868686868686868686868686868686868686868686868686868686868000000000000000000066666666666666666666666666666666666666666666666666666600000000
656565656565656565656500000000000061616161616161616161610000000000000000000000064646464646464646464646464640000000000000000000000000000000000062000000000000000000000000696969696969696969696969696969000000000000000686868686868686868686868686868686868686868686868686868686868686868686868686868680000000000000000000066666666666666666666666666666666666666666666666666666600000000
6565656565656565656500000000000000616161616161616161000000000000000000000000646464646464646464646464640000000000000000000000000000000000000000000000000000000000000696969696969696969696969696969000000000000000686868686868686868686868686868686868686868686868686868686868686868686868686868680000000000000000000066666666666666666666666666666666666666666666666666666600000000
65656565656565656565000000000000000061616161616100000000000000000000000000646464646464646464646400000000000000000000000000000000000000000000000000000000000000696969696969696969696969696969690000000000000006868686868686868686868686868686868686868686868686868686868686868686868686868680000000000000000000066666666666666666666666666666666666666666666666666666600000000
65656565656565656500000000000000000000000000000000000707070707070000000000000646464640000000000000000000000000000000000000000000000000000000000000000069696969696969696969696969696969000000000000000686868686868686868686868686868686868686868686868686868686868686868686868686800000000000000000000066666666666666666666666666666666666666666666666666666600000000
65656565656565656500000000000000000000000000000000070707070707070707070000000000000000000000000000000000000000000000000000000000000000000000000000000069696969696969696969696969696969000000000000000068686868686868686868686868686868686868686868686868686868686868686868686868000000000000000000000066666666666666666666666666666666666666666666666666000000000
65656565656565650000000000000000000000000000000000707070707070707070700000000000000000000000000000000000000000000000000000000000000000000000000000006969696969696969696969696969696969000000000000000068686868686868686868686868686868686868686868686868686868686868686868686868000000000000000000000066666666666666666666666666666666666666666666666666000000000
656565656565650000000000000000000000000000000000707070707070707070707070000000000000000000000000000000000000000000000000000000000000000000000000000006969696969696969696969696969696969000000000000000006868686868686868686868686868686868686868686868686868686868686868686868680000000000000000000000066666666666666666666666666666666666666666666660000000000
65656565656500000000000000000000000000000000000707070707070707070707070700000000000000000000000000000000000000000000000000000000000000000000000000000696969696969696969696969696969690000000000000000006868686868686868686868686868686868686868686868686868686868686868686868000000000000000000000000006666666666666666666666666666666666666666660000000000
65656565000000000000000000000000000000000000707070707070707070707070707000000000000000000000000000000000000000000000000000000000000000000000000000000696969696969696969696969696969000000000000000000068686868686868686868686868686868686868686868686868686868686868686800000000000000000000000000006666666666666666666666666666666666666600000000000
6500000000000000000000000000000000000000070707070707070707070707070700000000000000000000000000000000000000000000000000000000000000000000000000000069696969696969696969696969696900000000000000000006868686868686868686868686868686868686868686868686868686868686868680000000000000000000000000000006666666666666666666666666666660000000000000
00000000000000000000000000000000000000007070707070707070707070707070000000000000000000000000000000000000000000000000000000000000000000000000000000696969696969696969696969690000000000000000000006868686868686868686868686868686868686868686868686868686868686800000000000000000000000000000000006666666666666666660000000000000000
000000000000000000000000000000000000000707070707070707070707070707070000000000000000000000000000000000000000000000000000000000000000000000000000000696969696969696969696969000000000000000000000006868686868686868686868686868686868686868686868686868686868000000000000000000000000000000000000000000000000000000000000
0000000000000000000000000000000000000007070707070707070707070707070700000000000000000000000000000000000000000000000000000000000000000000000000000000696969696969696969696900000000000000000000000006868686868686868686868686868686868686868686868686800000000000000000000000000000000000000000000000000000000000000
000000000000000000000000000000000000000707070707070707070707070707070000000000000000000000071710000000000000000000000000000000000000000000000000000000069696969696969696900000000000000000000000000000000686868686868686868686868686868000000000000000000000000000000000000000000000000000000000000000000
0000000000000000000000000000000000000007070707070707070707070707070000000000000000000000007100000000000000000000000000000000000000000000000000000000006969696969696969000000000000000000000000000000000000006868686868686800000000000000000000000000000000000000000000000000000000000000000000
00000000000000000000000000000000000000070707070707070707070707070000000000000000000000000000000000000000000000000000000000000000000000000000000000000006969690000000000000000000000000000000000000000000000000000000000000000000000000000000000000000000000000000000000000000000
0000000000000000000000000000000000000000707070707070707070707070000000000000000000000000000000000000000000000000000000000000000000000000000000000000000000000000000000000000000000000000000000000000000000000000000000000000000000000000000000000000000000000000000000000000
00000000000000000000000000000000000000007070707070707070707070700000000000000000000000000000000000000000000000000000000000720000000000000000000000000000000000000000000000000000000000000000000000000000000000000000000000000000000000000000000000000000000000000000000000000
00000000000000000000000000000000000000000707070707070707070700000000000000000000000000000000000000000000000000000000000000000000000000000000000000000000000000000000000000000000000000000000000000000000000000000000000000000000000000000000000000000000000000000000000000
000000000000000000000000000000000000000000707070707070707000000000000000000000000000000000000000000000000000000000000000000000000000000000000000000000000000000000000000000000000000000000073737300000000000000000000000000000000000000000000000000000000000000000000000000
000000000000000000000000000000000000000000070707070707000000000000000000000000000000000000000000000000000000000000000000000000000747474747474747474747400000000000000000000000000000000000000007373737373737373737373000000000000000000000000000000000000000000000000757575750000000000000000000
000000000000000000000000000000000000000000000707000000000000000000000000767676760000000000000000000000000000000000000000000000074747474747474747474747474747474000000000000000000000000000000000007373737373737373737373737373000000000000000000000000000000000000000000000757575757575757500000000000000000
000000000000000000000000000000000000000000000000000000000000000000007676767676767676767676767600000000000000000000000000000000000000747474747474747474747474747474747474740000000000000000000000000000000007373737373737373737373737373737300000000000000000000000000000000000000000075757575757575757575750000000000000000
000000000000000000000000000000000000000000000000000000000000000000076767676767676767676767676767600000000000000000000000000000000000747474747474747474747474747474747474747474000000000000000000000000000000007373737373737373737373737373737373730000000000000000000000000000000000000000757575757575757575757575757500000000000000
0000000000000000000000000000000000000000000000000000000000000000007676767676767676767676767676767676000000000000000000000000000000000747474747474747474747474747474747474747474747400000000000000000000000000000007373737373737373737373737373737373737300000000000000000000000000000000000000757575757575757575757575757575750000000000000

